[LEFT_CAM_2K]
fx=1906.52
fy=1907.38
cx=1090.68
cy=658.674
k1=-0.0626678
k2=-0.0496874
p1=9.60287e-05
p2=-0.000253736
k3=-0.0198838

[RIGHT_CAM_2K]
fx=1906.52
fy=1907.2
cx=1083.96
cy=640.531
k1=-0.0667377
k2=-0.0335834
p1=-3.19385e-05
p2=-0.00021419
k3=-0.039816

[LEFT_CAM_FHD]
fx=1906.52
fy=1907.38
cx=946.68
cy=577.674
k1=-0.0626678
k2=-0.0496874
p1=9.60287e-05
p2=-0.000253736
k3=-0.0198838

[RIGHT_CAM_FHD]
fx=1906.52
fy=1907.2
cx=939.96
cy=559.531
k1=-0.0667377
k2=-0.0335834
p1=-3.19385e-05
p2=-0.00021419
k3=-0.039816

[LEFT_CAM_HD]
fx=953.26
fy=953.69
cx=631.84
cy=377.337
k1=-0.0626678
k2=-0.0496874
p1=9.60287e-05
p2=-0.000253736
k3=-0.0198838

[RIGHT_CAM_HD]
fx=953.26
fy=953.6
cx=628.48
cy=368.2655
k1=-0.0667377
k2=-0.0335834
p1=-3.19385e-05
p2=-0.00021419
k3=-0.039816

[LEFT_CAM_VGA]
fx=476.63
fy=476.845
cx=331.42
cy=196.1685
k1=-0.0626678
k2=-0.0496874
p1=9.60287e-05
p2=-0.000253736
k3=-0.0198838

[RIGHT_CAM_VGA]
fx=476.63
fy=476.8
cx=329.74
cy=191.63275
k1=-0.0667377
k2=-0.0335834
p1=-3.19385e-05
p2=-0.00021419
k3=-0.039816

[LEFT_DISTO]
k1=-0.0611467
k2=-0.0572191
k3=-0.0112196
k4=0
k5=0
k6=0
p1=0.000116073
p2=-0.000285972

[RIGHT_DISTO]
k1=-0.0653395
k2=-0.0433187
k3=-0.0238877
k4=0
k5=0
k6=0
p1=-3.73469e-07
p2=-0.000225172

[STEREO]
Baseline=120.172
TY=-0.270146
TZ=0.316906
CV_2K=-0.00207197
CV_FHD=-0.00207197
CV_HD=-0.00207197
CV_VGA=-0.00207197
RX_2K=0.00363957
RX_FHD=0.00363957
RX_HD=0.00363957
RX_VGA=0.00363957
RZ_2K=0.000675841
RZ_FHD=0.000675841
RZ_HD=0.000675841
RZ_VGA=0.000675841

[MISC]
Sensor_ID=0
